time	latency
0	0.0
102	0.0
309	0.0
409	0.0
510	0.0
611	0.0
712	0.0
813	0.0
914	0.0
1015	0.0
1115	0.0
1216	0.0
1317	0.0
1417	0.0
1517	0.0
1618	0.0
1718	0.0
1818	0.0
1919	0.0
2020	0.0
2121	0.0
2222	0.0
2323	0.0
2423	0.0
2523	0.0
2624	0.0
2725	0.0
2826	0.0
2926	0.0
3028	0.0
3153	0.0
3254	0.0
3354	0.0
3455	0.0
3556	0.0
3656	0.0
3756	0.0
3857	0.0
3958	0.0
4061	0.0
4161	0.0
4262	0.0
4362	0.0
4463	0.0
4564	0.0
4667	0.0
4768	0.0
4869	0.0
4970	0.0
5071	0.0
5171	0.0
5273	0.0
5374	0.0
5475	0.0
5576	0.0
5676	0.0
5777	0.0
5877	0.0
5978	0.0
6079	0.0
6272	0.0
6373	0.0
6473	0.0
6574	0.0
6675	0.0
6776	0.0
6877	0.0
6977	0.0
7079	0.0
7180	0.0
7281	0.0
7382	0.0
7482	0.0
7582	0.0
7683	0.0
7784	0.0
7885	0.0
7986	0.0
8086	0.0
8187	0.0
8287	0.0
8388	0.0
8532	0.0
8633	0.0
8736	0.0
8837	0.0
8938	0.0
9039	0.0
9140	0.0
9241	0.0
9343	0.0
9444	0.0
9544	0.0
9646	0.0
9747	0.0
9847	0.0
9948	0.0
