time	latency
0	0.0
101	0.0
203	0.0
303	0.0
404	0.0
505	0.0
605	0.0
706	0.0
807	0.0
908	0.0
1010	0.0
1110	0.0
1210	0.0
1311	0.0
1412	0.0
1513	0.0
1613	0.0
1718	0.0
1819	0.0
1920	0.0
2021	0.0
2122	0.0
2223	0.0
2324	0.0
2424	0.0
2525	0.0
2625	0.0
2727	0.0
2828	0.0
2928	0.0
3029	0.0
3130	0.0
3231	0.0
3331	0.0
3432	0.0
3533	0.0
3633	0.0
3734	0.0
3835	0.0
3937	0.0
4038	0.0
4138	0.0
4238	0.0
4339	0.0
4441	0.0
4541	0.0
4642	0.0
4743	0.0
4843	0.0
4946	0.0
5047	0.0
5148	0.0
5250	0.0
5350	0.0
5450	0.0
5551	0.0
5652	0.0
5753	0.0
5854	0.0
5956	0.0
6056	0.0
6157	0.0
6258	0.0
6358	0.0
6458	0.0
6559	0.0
6662	0.0
6763	0.0
6863	0.0
6963	0.0
7064	0.0
7164	0.0
7265	0.0
7366	0.0
7467	0.0
7567	0.0
7668	0.0
7768	0.0
7869	0.0
7970	0.0
8070	0.0
8172	0.0
8273	0.0
8374	0.0
8475	0.0
8575	0.0
8676	0.0
8777	0.0
8877	0.0
8979	0.0
9079	0.0
9180	0.0
9287	0.0
9387	0.0
9487	0.0
9588	0.0
9689	0.0
9790	0.0
9890	0.0
9991	0.0
10091	0.0
10192	0.0
10293	0.0
10393	0.0
