time	latency
0	0.0
101	0.0
202	0.0
303	0.0
403	0.0
504	0.0
605	0.0
705	0.0
806	0.0
907	0.0
1008	0.0
1109	0.0
1209	0.0
1309	0.0
1410	0.0
1511	0.0
1612	0.0
1712	0.0
1813	0.0
1914	0.0
2015	0.0
2115	0.0
2216	0.0
2318	0.0
2418	0.0
2519	0.0
2620	0.0
2721	0.0
2822	0.0
2923	0.0
3024	0.0
3125	0.0
3226	0.0
3326	0.0
3426	0.0
3527	0.0
3629	0.0
3730	0.0
3830	0.0
3931	0.0
4035	0.0
4136	0.0
4237	0.0
4338	0.0
4438	0.0
4538	0.0
4639	0.0
4740	0.0
4841	0.0
4942	0.0
5043	0.0
5145	0.0
5246	0.0
5347	0.0
5448	0.0
5549	0.0
5649	0.0
5750	0.0
5851	0.0
5951	0.0
6052	0.0
6153	0.0
6254	0.0
6355	0.0
6457	0.0
6559	0.0
6659	0.0
6759	0.0
6861	0.0
6962	0.0
7062	0.0
7163	0.0
7264	0.0
7366	0.0
7466	0.0
7566	0.0
7666	0.0
7767	0.0
7867	0.0
7968	0.0
8069	0.0
8170	0.0
8271	0.0
8372	0.0
8473	0.0
8574	0.0
8676	0.0
8776	0.0
8877	0.0
8978	0.0
9078	0.0
9179	0.0
9280	0.0
9381	0.0
9481	0.0
9582	0.0
9683	0.0
9785	0.0
9886	0.0
9987	0.0
