0.0
0.0
0.0
0.0
5.5900016
5.5900016
9.810503
13.12398
13.26778
13.304391
15.289172
15.289172
15.289172
21.641682
19.69841
19.167076
20.741463
21.971588
20.414356
17.922703
16.810238
15.75624
13.408823
12.973963
26.797604
37.086224
35.082027
28.276901
38.54522
49.61796
43.6442
40.20889
56.55863
32.950645
26.991558
25.17677
40.97928
41.600105
30.43447
23.813139
18.151838
18.418808
30.410477
50.990414
33.96749
28.323837
21.54277
19.831568
25.375341
22.611807
18.303963
14.519248
11.787012
13.70278
8.712002
9.547162
8.429603
20.329668
18.072712
13.746462
13.259138
18.157787
15.000151
15.000151
11.031039
29.0176
25.468605
28.513815
18.804888
17.809097
15.20247
13.554716
16.885002
40.2923
40.2923
25.151224
25.573198
17.275417
15.883563
13.074018
17.960752
15.8744755
18.555096
15.56721
12.0689
11.048573
17.600739
21.464155
24.97969
25.86197
27.997772
35.577934
20.922794
29.856117
22.057774
17.185823
11.5145035
10.632004
