0.0
0.0
11.927712
29.650383
28.040745
31.779373
34.111294
38.462673
47.11128
31.822348
48.12633
27.694925
62.586617
39.32519
22.025118
20.320345
21.980553
34.869446
19.166246
12.532232
28.94574
15.92259
24.439545
21.93394
31.121504
44.42389
39.010784
22.518559
20.63839
47.288746
38.736637
64.78997
16.516441
14.889954
33.24009
20.751766
6.1725745
21.881239
17.446352
16.316256
48.00461
48.13942
18.284876
11.25602
30.309229
21.673403
32.028294
36.125526
34.089664
29.323036
13.611319
37.669476
44.237488
4.160446
22.1349
58.96293
44.333233
19.591759
18.191628
14.961271
6.3072834
18.693619
79.9405
20.282213
4.4460597
32.005077
44.892883
21.59386
27.74936
7.1334767
61.951447
10.150926
77.673386
8.606542
3.4164524
3.812777
13.544144
84.362366
27.766361
29.790482
40.879456
23.074924
70.50741
33.246
24.240444
32.0408
15.3112135
8.839478
14.36426
55.343334
15.327003
48.18886
9.6029
8.022919
30.474707
8.480535
6.595823
31.409317
64.043594
64.043594
92.809296
