0.0
0.0
1.2500002
5.0073447
5.0073447
5.3069777
7.7920485
8.052446
9.446966
13.983785
13.734595
13.397865
12.548601
12.548601
12.304733
11.909145
11.909145
11.765505
10.8956995
10.37795
9.703545
10.154555
9.05816
8.5360155
63.694912
57.92466
46.53243
40.706364
35.838055
32.733845
31.082294
27.309933
22.04118
18.9679
16.833103
16.191448
43.6649
31.692345
22.761518
15.374805
19.899975
17.919865
22.01692
38.13673
31.75708
18.913485
15.413742
15.960087
22.42678
21.877668
18.300116
17.3866
20.716715
18.358809
13.487456
25.316553
18.04662
15.642789
11.5116
24.81469
22.78526
16.843004
15.0112705
39.615177
27.33568
19.643465
22.358744
25.035444
18.263704
14.76458
13.086656
27.802301
21.896315
11.434338
11.434338
13.024388
22.17866
16.860085
14.883288
13.967262
13.250269
21.152744
19.329004
27.58205
21.4269
20.533464
22.629257
27.633629
28.38185
20.219236
16.392843
17.068314
12.96494
13.190859
15.249338
15.276774
10.868209
13.690179
23.747179
19.859161
