0.0
0.0
0.0
28.32292
28.664425
30.320261
27.491014
34.573914
33.53811
33.042362
24.315445
35.002377
29.562847
27.13695
22.907982
27.906857
23.570833
20.163933
18.017824
18.961725
13.80027
18.302109
90.71837
27.771051
38.11636
39.455044
39.186493
42.348473
37.617626
17.986122
10.55806
24.691025
74.02679
55.348198
21.360455
35.345116
31.433746
32.576412
25.6048
32.283455
23.544588
33.026497
23.651613
27.26558
39.426407
20.153597
49.96699
18.783875
40.316048
6.5558777
21.142809
55.8068
17.916042
22.211351
6.6081495
9.023025
12.762562
24.933163
91.938194
103.62739
10.064588
72.594795
10.502927
35.415066
9.224808
7.1885896
21.42061
30.441422
32.566635
5.5183644
6.2279673
9.215203
25.850939
19.910383
28.603489
15.202735
76.19814
7.4396734
6.460765
68.645935
83.16164
4.9563212
18.43175
28.839304
57.4019
15.952059
11.926033
22.475092
62.297478
6.598171
25.310595
39.64428
36.147156
33.78639
16.775213
18.919754
13.611704
29.171944
38.12142
