0.0
0.0
0.9725002
3.5251818
3.5251818
5.2489233
6.554653
10.326921
10.3105755
11.295047
14.86878
21.674076
20.940372
22.880377
22.086359
21.362938
20.452047
27.629448
26.597975
23.312176
22.546566
30.122149
21.936647
21.089815
19.521057
30.649307
30.397015
31.08417
38.469543
31.46096
29.581018
27.181868
40.932816
32.432854
26.134037
24.977335
33.099545
20.798851
19.258461
16.440805
19.642786
16.107754
20.16475
18.044397
17.577568
13.074193
11.920236
20.068014
20.284084
21.967821
16.81916
20.710861
21.109528
21.109528
14.319549
21.124117
21.08259
25.925495
23.934925
54.203056
44.89071
36.044792
26.084929
42.657066
28.105993
24.85357
18.656921
25.630907
18.414055
15.069247
20.197872
18.57108
23.130629
31.688385
31.688385
26.79116
15.490776
13.478525
17.677029
12.942305
20.225487
22.880121
21.713482
27.418724
22.262304
16.618994
11.959955
13.477153
13.477153
11.323034
24.093777
19.49281
17.491175
16.128284
13.234089
13.234089
31.195688
25.171713
18.248192
