0.0
0.0
0.0
96.156586
52.216724
83.154434
39.07297
59.83145
35.23859
40.146603
26.416904
88.763016
89.29471
29.029554
12.69945
77.95013
40.849586
45.33281
28.615833
12.351791
32.839302
56.593395
82.59083
38.061447
153.22954
8.13154
48.245274
16.34253
29.872732
135.88916
8.468228
25.980686
6.8853683
8.84128
5.3108215
14.477804
93.178566
5.397446
100.78259
107.60472
24.745726
16.197954
3.6276848
4.0647464
3.6801605
48.415447
3.9843907
17.448364
51.96295
3.7594514
39.60927
6.4943123
26.205227
35.183327
14.193206
7.6293344
15.959427
9.466587
3.087175
6.5184984
119.855865
3.20543
3.5671198
106.10019
100.67989
83.817474
90.63026
3.2100608
3.5904593
3.5946991
37.89482
15.242599
58.80366
9.673194
10.763334
58.035458
4.2188435
8.696181
34.683624
86.11671
61.690773
61.690773
75.52598
4.795314
4.877631
27.308956
45.083744
27.566244
9.862264
37.440586
112.30649
10.119613
12.650614
3.477494
106.33152
13.590671
35.323887
4.610018
4.1013455
59.746174
216.63339
