0.0
0.0
0.0
30.851562
107.68286
29.64634
19.582699
21.36196
39.31516
32.192425
60.207783
27.003246
74.4883
21.611282
21.987852
14.626525
29.075207
30.2836
59.223183
19.926216
18.26266
33.090355
114.31391
58.604015
16.517984
47.0954
155.18076
18.48037
121.28076
11.645176
8.9838
13.392395
20.249157
78.1311
128.57376
11.844187
6.7206135
7.932188
9.936928
118.70288
6.3014956
8.597959
4.919403
4.77745
11.386646
3.549049
9.288725
4.1483536
4.338583
55.971973
4.1738553
5.944415
4.0510464
3.8471987
68.82124
12.630222
155.10287
11.415247
4.9263215
39.755684
136.13513
149.6917
23.208504
16.152863
6.121194
61.56382
8.017971
3.2423968
59.76415
4.8909206
143.89368
63.449013
4.210731
46.49403
4.7986646
16.937853
5.4759383
3.8816872
3.190999
5.5703826
16.59105
124.03974
3.6992106
4.3266277
3.8059344
30.469002
3.0005724
6.652212
3.0661573
15.06107
3.508582
2.936092
2.8806674
5.2669306
35.105755
21.498648
104.28969
6.977694
36.9606
2.4676785
