0.0
0.0
0.0
0.55000013
0.55000013
1.5688753
4.4404325
4.768411
6.5209913
6.567694
12.612346
12.612346
15.152643
18.895012
17.882748
16.964178
16.964178
19.127672
18.421288
18.02805
15.961261
23.700912
38.89711
38.89711
37.414783
44.098705
42.193768
50.48083
36.473324
45.372177
40.77147
64.38032
57.750317
45.889023
39.9146
34.79228
41.68416
38.059673
32.227062
21.565552
19.90291
20.261625
19.498545
32.94659
23.474585
17.025856
38.743988
36.051933
31.618277
30.537363
22.3195
16.83154
17.962887
14.306875
20.233507
20.587704
17.46329
24.963352
21.637745
19.077036
20.121275
16.89737
16.89737
22.75584
18.534618
17.254126
14.260655
13.056691
9.673253
16.760918
19.329544
15.003711
17.436829
15.470402
13.1393585
20.20337
14.9334345
14.9334345
14.715803
9.760201
19.133528
13.9893675
17.6399
15.218719
9.794901
14.794291
11.278999
16.16187
11.055626
15.799255
14.121261
30.533072
16.4661
13.178168
15.010813
13.839758
11.97905
8.747673
8.237274
